# Transform that takes a point in lidar frame and puts it in the left DAVIS camera frame.
T_left_davis_lidar:
  rows: 4
  cols: 4
  data: [0.01140786, -0.99985524,  0.01262402,  0.03651404,
         0.04312291, -0.01212116, -0.99899624, -0.08637514,
         0.99900464,  0.0119408 ,  0.04297839, -0.12882002,
         0.        ,  0.        ,  0.        ,  1.        ]

# Transform that takes a point in the left DAVIS IMU frame to the left DAVIS camera frame.
T_left_davis_left_imu:
  rows: 4
  cols: 4
  data: [0.9998771896957381, -0.015128404695721132, -0.004091075349566317, -0.002760732198752687,
         0.015081690576531692,  0.9998233340761795, -0.011217987615716542, -0.001652095229536009,
         0.004260062852482415,  0.011154909598696812,  0.99992871, -0.017829494499329843,
         0.0, 0.0, 0.0, 1.0]

# Transform that takes a point in the left DAVIS IMU frame to the right DAVIS camera frame.
T_right_davis_left_imu:
  rows: 4
  cols: 4
  data: [0.9999459669775138, -0.002658051013083418, -0.010049770654903653, -0.10052351879548456,
         0.002628365498611729, 0.9999921475216119, -0.0029659045702786734, -0.002149609013368439,
         0.01005757526494452, 0.0029393298430320275, 0.9999451012529955, -0.01780039434280798,
         0.0, 0.0, 0.0, 1.0]         

T_gt_left_davis:
  rows: 4
  cols: 4
  data: [1., 0., 0., 0.,
         0., 1., 0., 0.,
         0., 0., 1., 0.,
         0., 0., 0., 1.]