image_width: 240
image_height: 180
camera_name: rpg_slider
camera_matrix:
  rows: 3
  cols: 3
  data: [335.4194629584808, 0.0, 129.9246633794451, 
         0.0, 335.3529356120773, 99.18643034473205, 
         0.0, 0.0, 1.0]
distortion_model: plumb_bob
distortion_coefficients:
  rows: 1
  cols: 4
  data: [-0.1385927674081299, 0.09337366641919795, -0.0003355869875320301, 0.0001737201582276446]
rectification_matrix:
  rows: 3
  cols: 3
  data: [1, 0, 0, 
         0, 1, 0, 
         0, 0, 1]
projection_matrix:
  rows: 3
  cols: 4
  data: [335.4194629584808, 0.0, 129.9246633794451, 0.0, 
         0.0, 335.3529356120773, 99.18643034473205, 0.0, 
         0.0, 0.0, 1.0, 0.0]
  # data: [328.3079223632812, 0.0, 129.7166999252022, 0.0, 0.0, 330.1483459472656, 98.78069942616821, 0.0, 0.0, 0.0, 1.0, 0.0]
T_right_left:
  rows: 3
  cols: 4
  data: [1, 0, 0, 0,
         0, 1, 0, 0,
         0, 0, 1, 0]